100
65 742
519 890
862 930
27 123
1 122
592 742
3 584
931 958
8 122
1 121
21 302
112 846
9 109
3 122
8 65
223 323
341 913
7 10
7 484
510 540
152 975
121 122
278 672
1 104
1 2
4 9
9 302
3 484
8 221
9 10
3 5
1 1
4 10
535 567
1 4
8 10
21 221
607 693
171 602
7 302
483 485
4 65
65 221
7 65
634 991
65 485
10 120
1 5
65 584
1 1000
7 109
262 975
3 6
352 496
484 484
21 121
47 181
8 302
1 109
3 4
94 963
1 742
1 101
4 104
9 121
65 121
576 812
885 902
54 835
248 570
1 86
84 899
3 485
3 109
1 10
120 485
122 1000
7 221
3 104
21 484
451 644
1 302
1 6
303 742
209 870
242 681
175 840
1 9
303 485
7 584
585 697
122 483
81 593
100 1000
121 484
121 742
121 302
506 756
197 252
330 747
