1000
21 197
77 478
27 245
138 844
15 302
150 606
178 718
71 755
219 882
97 394
219 439
9 19
282 565
155 311
382 765
1 1000
33 375
33 374
33 376
33 408
194 389
194 518
208 838
208 837
208 839
208 993
73 453
73 452
73 454
73 607
120 241
120 361
442 885
442 969
193 387
193 732
435 871
435 913
113 458
113 457
113 459
113 677
129 259
129 407
207 834
207 833
207 835
207 917
106 430
106 429
106 431
106 639
35 225
35 224
35 226
35 245
126 771
126 770
126 772
126 900
36 150
36 149
36 151
36 217
199 399
199 730
19 82
19 81
19 83
19 109
401 803
401 832
221 443
221 815
369 739
369 830
113 693
113 692
113 694
113 909
57 357
57 356
57 358
57 398
206 830
206 829
206 831
206 852
56 738
56 737
56 739
56 759
273 547
273 580
95 191
95 237
160 646
160 645
160 647
160 954
253 507
253 851
31 438
31 437
31 439
31 501
199 399
199 702
4 555
4 554
4 556
4 588
275 551
275 688
83 167
83 274
40 651
40 650
40 652
40 746
379 759
379 824
335 671
335 836
89 740
89 739
89 741
89 747
19 357
19 356
19 358
19 403
237 475
237 691
211 423
211 558
133 813
133 812
133 814
133 928
30 511
30 510
30 512
30 519
115 231
115 353
26 803
26 802
26 804
26 855
425 851
425 862
281 563
281 727
281 563
281 799
135 271
135 372
106 651
106 650
106 652
106 691
275 551
275 625
29 770
29 769
29 771
29 791
321 643
321 798
306 613
306 629
11 473
11 472
11 474
11 521
243 487
243 975
8 407
8 406
8 408
8 435
123 498
123 497
123 499
123 534
81 676
81 675
81 677
81 683
158 638
158 637
158 639
158 652
26 455
26 454
26 456
26 462
256 513
256 647
9 429
9 428
9 430
9 490
3 298
147 594
147 593
147 595
147 827
22 549
22 548
22 550
22 566
395 791
395 826
230 926
230 925
230 927
230 962
172 345
172 391
277 555
277 851
431 863
431 909
124 249
124 330
129 789
129 788
129 790
129 954
59 917
59 916
59 918
59 996
201 403
201 584
345 691
345 771
60 246
60 245
60 247
60 316
130 795
130 794
130 796
130 856
134 269
134 467
292 585
292 717
153 618
153 617
153 619
153 675
258 517
258 805
148 598
148 597
148 599
148 888
445 891
445 973
74 149
74 292
118 723
118 722
118 724
118 955
169 682
169 681
169 683
169 781
94 579
94 578
94 580
94 779
127 514
127 513
127 515
127 711
84 342
84 341
84 343
84 352
109 442
109 441
109 443
109 645
45 91
45 106
185 746
185 745
185 747
185 813
76 471
76 470
76 472
76 489
64 262
64 261
64 263
64 307
368 737
368 884
99 820
99 819
99 821
99 889
265 531
265 561
97 804
97 803
97 805
97 851
157 315
157 319
116 470
116 469
116 471
116 661
290 581
290 884
93 771
93 773
93 853
77 230
347 865
108 662
108 664
108 716
69 734
69 736
69 791
271 779
18 407
18 409
18 437
273 716
18 281
18 283
18 287
275 562
96 225
141 860
141 862
141 924
156 389
317 927
194 484
117 444
166 669
166 671
166 727
279 931
37 608
37 610
37 710
231 738
79 307
129 521
129 523
129 751
96 263
213 595
276 895
218 771
68 422
68 424
68 434
29 674
29 676
29 761
115 704
115 706
115 731
58 362
58 364
58 463
79 659
79 661
79 789
54 221
54 223
54 294
367 870
37 414
37 416
37 420
19 67
69 893
69 895
69 944
96 795
96 797
96 805
298 708
104 315
306 760
109 668
109 670
109 888
125 486
377 993
344 851
47 629
47 631
47 727
242 914
371 882
79 488
79 490
79 604
158 962
158 964
158 972
222 492
159 616
20 670
20 672
20 720
360 897
337 885
238 641
260 950
115 465
115 467
115 644
52 564
52 566
52 636
202 692
250 504
404 838
425 884
284 974
353 938
473 998
107 656
107 658
107 833
126 770
126 772
126 819
295 697
108 403
175 705
175 707
175 764
152 359
397 895
128 285
33 552
33 554
33 592
214 861
214 863
214 924
296 729
126 437
147 593
147 595
147 696
91 560
91 562
91 642
204 629
302 812
252 721
158 423
5 655
5 657
5 708
163 457
213 857
213 859
213 871
101 620
101 622
101 699
151 357
33 374
33 376
33 397
286 925
215 691
39 99
325 742
190 473
147 593
147 595
147 893
354 728
32 206
32 208
32 264
34 384
34 386
34 425
175 404
135 824
135 826
135 870
78 260
146 437
481 993
465 948
145 423
189 761
189 763
189 989
121 489
121 491
121 724
67 273
67 275
67 317
166 669
166 671
166 1000
68 242
141 569
141 571
141 598
76 195
87 536
87 538
87 639
108 891
108 893
108 938
20 777
232 510
148 763
62 708
28 997
76 454
394 948
151 447
111 390
18 101
49 452
139 400
144 797
56 201
182 520
40 741
313 757
5 919
66 403
226 726
130 448
75 641
189 549
275 718
236 485
128 874
275 883
389 927
102 366
53 768
41 868
180 367
203 892
35 822
146 406
146 754
307 640
89 662
110 966
274 602
85 672
68 815
301 844
199 997
155 589
42 441
199 827
201 486
411 855
60 611
149 996
48 536
332 722
343 881
31 808
34 614
95 839
121 301
82 363
5 420
170 672
71 298
201 490
72 669
85 187
40 961
27 839
340 765
1 660
21 761
266 999
390 848
14 557
221 880
21 599
168 343
256 581
23 365
113 729
112 355
341 890
154 458
299 725
140 829
221 497
119 441
470 950
49 950
263 698
56 189
376 948
317 719
249 821
25 605
294 885
126 441
197 842
317 759
40 632
88 965
340 710
182 438
44 618
90 486
6 574
22 717
55 319
317 793
155 544
28 335
199 756
220 683
403 849
129 260
229 917
328 667
287 845
244 913
95 857
52 274
26 452
114 471
326 674
318 717
144 750
307 787
48 971
7 900
381 870
100 637
203 494
71 276
21 495
160 562
170 493
219 453
183 548
83 479
146 312
235 914
287 666
274 787
134 966
42 983
53 675
367 779
101 560
231 867
27 442
230 998
46 512
200 878
294 735
6 449
72 186
21 265
122 926
464 982
249 752
278 730
148 447
8 687
98 493
67 798
91 294
371 812
367 877
133 568
134 299
251 992
265 908
67 571
24 756
417 840
458 977
110 671
329 873
77 568
28 468
225 852
76 307
261 524
168 704
347 826
65 635
160 638
308 650
391 805
107 881
36 529
14 900
336 888
322 656
3 948
399 814
81 851
180 631
127 275
241 670
363 732
31 211
58 566
267 669
255 609
148 929
115 515
103 752
74 574
122 310
404 815
215 987
186 741
41 138
50 998
229 982
332 700
124 757
198 998
89 181
128 589
126 863
119 730
10 875
71 993
148 300
166 773
191 774
266 713
91 977
312 703
393 833
137 341
86 312
176 730
7 344
137 808
185 721
21 995
276 860
202 711
111 567
66 220
305 796
320 741
31 541
35 933
134 699
68 201
421 853
314 676
321 673
168 803
270 575
476 977
330 692
6 619
63 750
179 534
97 198
76 283
79 169
168 792
162 948
82 334
359 735
425 899
68 465
265 914
67 408
71 479
441 913
108 468
57 889
108 331
34 580
105 645
57 357
71 509
217 627
113 440
263 663
200 576
393 891
252 529
401 859
44 438
293 895
91 737
13 271
124 458
164 496
52 714
90 197
422 964
148 865
257 861
276 714
223 613
9 370
23 48
112 809
189 649
115 615
36 157
219 554
9 951
85 370
82 754
10 235
27 672
372 981
169 718
80 498
74 394
117 655
4 542
399 894
196 531
59 728
96 780
110 922
254 618
415 842
257 690
194 470
113 828
94 456
4 271
377 905
264 867
180 615
32 384
161 431
51 258
200 915
173 726
253 901
18 961
369 868
124 669
268 964
162 662
89 467
48 597
24 701
220 832
41 283
279 697
437 906
299 717
188 780
181 853
180 433
100 719
35 810
107 684
266 988
113 473
52 138
377 897
72 431
393 788
36 509
22 368
13 349
336 776
244 520
109 859
9 536
25 335
352 759
295 905
202 695
67 715
147 474
36 453
193 451
28 174
77 976
186 577
85 959
186 459
232 769
435 959
64 938
341 884
339 959
297 603
244 1000
97 270
333 728
100 338
81 573
120 588
112 411
298 609
137 876
417 900
163 385
109 523
254 558
104 734
249 565
205 896
36 268
183 854
419 964
299 817
192 979
63 282
147 863
274 986
149 455
61 907
166 463
42 753
94 207
140 533
270 865
79 352
39 604
110 774
201 618
159 750
461 926
101 988
119 703
309 845
131 297
58 835
230 846
208 691
222 984
126 970
180 991
90 457
8 706
243 764
17 322
175 829
68 226
65 394
210 567
334 699
250 888
301 892
211 702
176 646
144 388
78 816
71 749
175 707
190 913
76 477
269 983
3 24
445 944
96 567
75 941
372 823
31 728
15 522
56 536
185 821
378 885
363 852
385 836
183 493
188 896
